3 0 100 101 102
3 0 1 1 8
3 0 1 8 8
3 0 1 2 3
3 0 1 2 4
3 0 1000000 3351061 11229609
4 0 100 101 102 103
4 1 1 1 1 8
4 1 1 1 8 8
4 1 1 2 3 4
4 1 1 2 4 8
4 1 1000000 2828192 6272882 17740913
5 0 100 101 102 103 104
5 2 1 1 1 1 8
5 2 1 1 1 8 8
5 1 1 2 3 4 5
5 2 1 2 4 8 16
5 2 1000000 2576518 4962648 9558589 24627875
6 0 100 101 102 103 104 105
6 3 1 1 1 1 1 8
6 3 1 1 1 1 8 8
6 1 1 2 3 4 5 6
6 3 1 2 4 8 16 32
6 3 1000000 2424512 4330605 7328553 13090082 31737067
7 0 100 101 102 103 104 105 106
7 4 1 1 1 1 1 1 8
7 4 1 1 1 1 1 8 8
7 2 1 2 3 4 5 6 7
7 4 1 2 4 8 16 32 64
7 4 1000000 2320990 3950765 6243508 9866796 16795156 38981395
8 0 100 101 102 103 104 105 106 107
8 5 1 1 1 1 1 1 1 8
8 5 1 1 1 1 1 1 8 8
8 2 1 2 3 4 5 6 7 8
8 5 1 2 4 8 16 32 64 128
8 5 1000000 2245027 3693890 5590185 8283694 12536209 20626649 46307381
3 0 1000000 1092252 1104095
3 0 1000000 1009826 1031536
3 0 1000000 1085398 1093996
3 0 1000000 1103297 1103692
3 0 1000000 1085864 1137629
3 0 1000000 1033255 1040192
3 0 1000000 3158915 43593548
3 0 1000000 14028608 22170666
3 0 1000000 1190948 4243636
3 0 1000000 1000297 4247776
3 0 1000000 1135250 2840479
3 0 1000000 4823906 5401789
3 0 1000000 1163166 2873261
3 0 1000000 2239626 2771648
3 0 1000000 1359221 45353000
3 0 1000000 13314587 406298100
3 0 1000000 1610805 2152810
3 0 1000000 6487196 49167389
3 0 1000000 3034835 3575114
3 0 1000000 3644973 3993064
3 0 1000000 8724260 10020396
3 0 1000000 48601603 54750388
3 0 1000000 72017618 82539337
3 0 1000000 1103321 35472848
4 0 1000000 1078900 1091183 1105774
4 0 1000000 1088764 1151437 1174069
4 0 1000000 1118622 1142245 1167646
4 0 1000000 1016637 1016875 1161360
4 0 1000000 1082837 1130655 1187760
4 0 1000000 1009046 1060692 1152517
4 1 1000000 1963111 6057263 7990560
4 1 1000000 2254081 11326661 13714891
4 1 1000000 2944854 3627227 4458640
4 1 1000000 1872527 2195967 7472086
4 1 1000000 1366857 3877808 16614670
4 1 1000000 1197502 1936153 16081235
4 1 1000000 1598847 1946057 254569071
4 1 1000000 1488468 335270488 370062290
4 1 1000000 83029567 1603836576 1929860014
4 1 1000000 2539671 987454109 1065399125
4 1 1000000 24268168 229728582 525783298
4 1 1000000 5862963 8997465 11656022
4 1 1000000 10583888 12449747 13236334
4 1 1000000 85615978 89201347 92352598
4 1 1000000 1036219 1540635 16870410
4 1 1000000 11622545 14420969 17847172
4 1 1000000 26059661 27142433 43651685
4 1 1000000 10825955 16529087 23953104
5 0 1000000 1056656 1096954 1102592 1119346
5 0 1000000 1000282 1002560 1085945 1101122
5 0 1000000 1072406 1079829 1081538 1143070
5 0 1000000 1020549 1022079 1032770 1122030
5 0 1000000 1060866 1095470 1124117 1154994
5 0 1000000 1070129 1108277 1164440 1193838
5 1 1000000 2040421 2828044 3092929 4685840
5 2 1000000 2019893 4944641 7290870 22247167
5 2 1000000 2334079 4379264 10682842 64275916
5 2 1000000 1422465 13966227 29318084 79447733
5 2 1000000 1700131 5830432 17266433 140603730
5 2 1000000 7041933 15752798 25492219 70796697
5 2 1000000 3868206 15007954 47012251 90374292
5 2 1000000 20705876 53885474 71457254 623196761
5 2 1000000 1251842 6148921 105219792 450172492
5 0 1000000 1022897 1238434 1275249 3694248
5 2 1000000 3080098 12722183 1575188725 1896326227
5 2 1000000 1067174 8238365 23220245 33252428
5 2 1000000 1480447 1599620 9856533 14112737
5 1 1000000 14172107 17233215 18665775 20349406
5 2 1000000 1367131 27188211 27266861 48362299
5 2 1000000 1572326 1578754 15378362 19357646
5 2 1000000 1590674 1860923 18749173 21814333
5 2 1000000 1011245 1195641 41047690 50066178
6 0 1000000 1047068 1049896 1051390 1099451 1141538
6 0 1000000 1007649 1073660 1091224 1095335 1100766
6 0 1000000 1132961 1170871 1171461 1174179 1200722
6 0 1000000 1006490 1082425 1131283 1163435 1192397
6 0 1000000 1017859 1108259 1113782 1116984 1133356
6 0 1000000 1015972 1057228 1074389 1112601 1123329
6 3 1000000 4082697 4895865 6793704 18513746 23562568
6 3 1000000 6656681 13838309 33005136 59903696 62281174
6 3 1000000 1058473 2067583 4124677 15517113 26676472
6 3 1000000 2394793 3083155 6906839 13558329 22607740
6 3 1000000 1332842 2394592 3236740 7969760 10522210
6 3 1000000 1875031 3648079 14315343 38812274 84750706
6 3 1000000 2378978 8638206 101151162 248360473 953361203
6 3 1000000 1705083 17248668 44561349 191129567 1141628222
6 3 1000000 2031260 3339468 17398276 27317369 395528299
6 3 1000000 1298007 7945881 8077943 64768377 92776169
6 3 1000000 1089253 2617708 43215621 77707957 347072525
6 3 1000000 1411227 2504510 488242617 779052436 1009104962
6 3 1000000 1200110 1225698 1575258 1857881 63162056
6 2 1000000 1027873 4371117 5420104 6561437 6868062
6 3 1000000 1303614 1621622 47752629 59395890 59914425
6 2 1000000 1720970 5616663 7635378 8094686 10677341
6 2 1000000 1159186 17660084 18483321 20023033 20517759
6 3 1000000 1156027 1309848 10708426 13657344 15552844
7 0 1000000 1053355 1085671 1104863 1106061 1124949 1127658
7 0 1000000 1007149 1009011 1036251 1140491 1179821 1186743
7 0 1000000 1007371 1028096 1070266 1083624 1207556 1210591
7 0 1000000 1012555 1041282 1047596 1084403 1103897 1167203
7 0 1000000 1022302 1072247 1091854 1156568 1165801 1204651
7 0 1000000 1000552 1021662 1041655 1075017 1134772 1144649
7 4 1000000 1062006 1400777 1585110 1658473 1832314 40384310
7 4 1000000 1226265 2536026 4624572 5480424 6371368 26468303
7 4 1000000 1926809 5982850 6962528 12672162 18736015 101130006
7 3 1000000 1079593 2981484 4641202 5352200 7563921 11141363
7 4 1000000 1085905 3823094 4162663 5757983 14298844 49273419
7 4 1000000 2374560 4915900 5469983 6351607 19196659 26016222
7 4 1000000 1044622 1678687 43080792 89788747 147174395 299732155
7 4 1000000 1097769 14475899 19399433 34858131 51685067 112478019
7 4 1000000 1594097 2340338 6537783 382302725 826869286 1270985665
7 4 1000000 5774786 5900605 84793062 111940735 1220572946 1661282278
7 3 1000000 20727527 25019831 59777947 102734102 109829961 165285289
7 4 1000000 1290550 1566856 3951822 69344324 171709526 562159672
7 3 1000000 1265332 1350339 10597093 11909411 13589976 13664893
7 4 1000000 1370658 1504083 1582751 19016486 21474664 27632160
7 4 1000000 1092046 1274322 1891098 132818123 153122756 241798949
7 4 1000000 1618288 1654807 1767978 15773609 16635365 19449508
7 4 1000000 1134009 1697883 1782949 2308344 36263611 38724219
7 4 1000000 1161787 1168705 1239704 1431001 6859258 9058082
8 0 1000000 1001198 1091927 1125909 1169677 1171932 1195940 1204648
8 0 1000000 1007800 1007808 1009703 1016691 1043050 1043797 1109337
8 0 1000000 1010190 1031457 1039299 1042394 1079919 1110079 1132601
8 0 1000000 1053020 1057069 1057265 1092476 1167952 1177683 1181047
8 0 1000000 1031720 1044488 1064380 1065142 1126939 1183427 1202191
8 0 1000000 1051333 1052420 1123958 1133731 1157826 1199606 1204046
8 4 1000000 4091454 4446019 5596311 12835964 14873117 19953292 32269565
8 4 1000000 1275098 2765656 3271836 9095145 9944626 10588725 12015475
8 4 1000000 1127268 2763667 3244072 4425000 7752224 10689557 12750887
8 5 1000000 3358097 13156430 25784412 53073686 72411832 172951227 418469962
8 4 1000000 2066475 2157927 4494373 8651082 10414980 10851313 27480588
8 5 1000000 14450735 29784950 30416084 62688738 66468004 135045465 340774992
8 5 1000000 7981161 85404376 118542606 138560214 158292258 792760518 893313061
8 5 1000000 1128543 2572132 4032427 13613165 207172006 293855933 375738102
8 5 1000000 1089261 1190421 3054072 114100121 142230427 470329440 1376349841
8 5 1000000 7167913 10340614 22605728 150622795 221518515 695544153 734723886
8 5 1000000 2980685 4291821 28900367 57703724 243420852 784339778 1463906633
8 5 1000000 1544803 71628255 84573392 261383668 592254930 700697120 796793414
8 3 1000000 1162764 1168637 1496096 1661532 3085175 3680858 4755512
8 1 1000000 46095891 48874698 58747975 58980600 62098586 69163504 69943735
8 5 1000000 1292089 1342380 1433110 1436565 1486476 97281375 127992396
8 4 1000000 1197062 1450752 1672455 25820987 30295808 30769734 32213860
8 1 1000000 22001581 25594767 33651621 34946486 35424547 38597973 39633187
8 4 1000000 1088535 1167898 1177381 51651063 52901265 86654371 86768129
